AML1	AML10	AML11	AML12	AML13	AML14	AML15	AML16	AML17	AML18	AML19	AML2	AML3	AML4	AML5	AML6	AML7	AML8	AML9
AML1	6	2	0	1	1	1	1	3	1	0	1	0	2	1	3	1	1	0	0
AML10	2	6	1	0	0	0	2	0	0	1	0	0	1	1	2	0	0	0	0
AML11	0	1	4	1	0	1	1	0	0	4	0	1	0	2	0	0	0	0	1
AML12	1	0	1	4	1	1	1	1	1	3	2	1	0	0	1	1	1	2	0
AML13	1	0	0	1	5	1	2	1	5	0	2	0	0	0	1	2	1	0	0
AML14	1	0	1	1	1	6	1	1	1	1	1	0	0	1	1	1	1	0	1
AML15	1	2	1	1	2	1	6	1	2	1	2	0	1	0	1	1	1	0	0
AML16	3	0	0	1	1	1	1	6	1	0	1	0	3	1	1	1	4	1	1
AML17	1	0	0	1	5	1	2	1	5	0	2	0	0	0	1	2	1	0	0
AML18	0	1	4	3	0	1	1	0	0	6	1	1	0	2	0	0	0	2	1
AML19	1	0	0	2	2	1	2	1	2	1	5	0	0	0	1	1	1	1	0
AML2	0	0	1	1	0	0	0	0	0	1	0	6	0	0	0	1	0	0	0
AML3	2	1	0	0	0	0	1	3	0	0	0	0	6	1	0	0	1	1	0
AML4	1	1	2	0	0	1	0	1	0	2	0	0	1	6	1	0	1	1	1
AML5	3	2	0	1	1	1	1	1	1	0	1	0	0	1	3	1	1	0	0
AML6	1	0	0	1	2	1	1	1	2	0	1	1	0	0	1	6	1	0	0
AML7	1	0	0	1	1	1	1	4	1	0	1	0	1	1	1	1	6	2	1
AML8	0	0	0	2	0	0	0	1	0	2	1	0	1	1	0	0	2	5	1
AML9	0	0	1	0	0	1	0	1	0	1	0	0	0	1	0	0	1	1	4
