B.cells.naive	B.cells.memory	Plasma.cells	T.cells.CD8	T.cells.CD4.naive	T.cells.CD4.memory.resting	T.cells.CD4.memory.activated	T.cells.follicular.helper	T.cells.regulatory..Tregs.	T.cells.gamma.delta	NK.cells.resting	NK.cells.activated	Monocytes	Macrophages.M0	Macrophages.M1	Macrophages.M2	Dendritic.cells.resting	Dendritic.cells.activated	Mast.cells.resting	Mast.cells.activated	Eosinophils	Neutrophils	P-value	Correlation	RMSE
TCGA.AB.2949.03B	0.117565120107133	0.0457407246070768	0.0755787319346501	0.0126961832582259	0	0.0817788889502372	0	0	0	0	0.106617162537114	0	0.450431439176356	0	0	0.0100430192104075	0	0	0.0291844794919269	0.0101280075362298	0.0602362431906436	0	0.002	0.383492930385748	0.92854930807175
TCGA.AB.2943.03A	0.201676744745044	0	0.0763865645768952	0.0619704127880983	0	0.32553349193623	0	0	0.00206817418768125	0	0.141982494752522	0	0.0846353302060742	0	0	0	0	0.00308729930735752	0.052984581436985	0	0.0496749060631125	0	0	0.535330840731731	0.844814506087645
TCGA.AB.2851.03A	0.0729788895604019	0	0.0224896535141949	0.0221854020681067	0.0281817954910473	0	0	0	0.00569104278675513	0	0.039619162106093	0	0.705858910244245	0	0	0.0280184977620369	0	0	0.0199394298665388	0	0.0503962643267959	0.00464095227378495	0	0.655317153462818	0.75728037274742
TCGA.AB.2822.03A	0.24129346015881	0	0.113557913134655	0.041817703749286	0	0.24083085512003	0.00922397229364486	0	0	0.0286584037223749	0.0540288025536481	0	0.0128199782767188	0	0	0.0415763820040456	0	0.00321616743539472	0.0980045128140267	0	0.114971848737365	0	0.013	0.275524280673434	0.984361523012863
TCGA.AB.2939.03A	0.0900299296434885	0.03078389065456	0.0327805695830688	0.0142630592032473	0	0.0682553625711064	0	0	0	0	0.100938631390115	0	0.139950262107069	0	0	0.0460053802985181	0	0	0.187572362191869	0	0.283352574112659	0.00606797824429952	0.003	0.35090046868702	0.939913620679785
TCGA.AB.2931.03A	0.0477993921470542	0	0.0043015709760644	0.0522327731631917	0	0.172467341020305	0	0	0.00886296606361029	0	0.00107737362293325	0.0362073654854308	0.035148494556309	0	0	0.0391499756350536	0	0	0.308856222377346	0	0.293896524952702	0	0.004	0.337006611196508	0.951421837154434
TCGA.AB.2921.03A	0.0403865271021727	0.0797792869135375	0.0124477826429182	0.0301722681672044	0.0659135279549067	0.00882298859716065	0.0167712621507122	0	0.0115739345653263	0	0.0671546089285689	0	0.500707713911514	0	0.00294251843903561	0.02975293061293	0	0	0.056801554189437	0	0.0767730958245764	0	0.015	0.259170575747235	0.990538223470578
TCGA.AB.2937.03A	0.320329987027084	0	0.00462300230269595	0.0855537096052006	0	0.16327262393723	0	0	0.00465345590922231	0	0.0980066303266403	0	0.109405792914816	0	0	0.0504268242562981	0	0	0.0863124051514352	0.0397694914617411	0.0376460771076374	0	0.011	0.290707444004697	0.974625094547092
TCGA.AB.2917.03A	0.0726581805477562	0	0.0236847220746318	0.0298217515688031	0	0.0696032139001079	0.0114822116202929	0	0	0	0.0426921518297397	0	0.346040841734047	0	0	0	0	0	0.233304122931542	0	0.135817508698139	0.0348952950949401	0.002	0.379295321551899	0.928048407381767
TCGA.AB.2849.03A	0.167203351587785	0	0.29744554210932	0	0.0944157851720574	0.14616763021107	0.0131138379995015	0.0110365138088172	0.0148890542869683	0.133335566192646	0.0399759702105255	0	0.0269130279218342	0	0	0.00453081580313539	0	4.06764279048032e-05	0.0284765932661539	0.00600271368473063	0.00500996521940419	0.011442956098146	0.002	0.368329720062571	0.964668127552602
TCGA.AB.2990.03B	0.132550037191999	0	0.189001378026347	0.0823987329131924	0	0.0996476414932268	0.00976054351638847	0	0	0	0.0898986659839451	0	0.148407820805765	0.000816584942031412	0	0.00700815481591994	0	0	0.0910314541120148	0.000948103980752015	0.148530882218419	0	0.001	0.403973599853254	0.917151793212025
TCGA.AB.3007.03A	0.119413696590526	0	0.0446292840436141	0.205230468790505	0.0810430427309734	0.0224442718688066	0.00472761314155139	0.000434266819366182	0	0	0.0420639760700529	0	0.212738448985789	0	0	0	0	0.0144428741783125	0.24646413469902	0.00205938010570126	0.00430854197578126	0	0.145	0.0912253606141556	1.05315089981801
TCGA.AB.2948.03A	0.00276363632486838	0.0154969018276729	0.0082315792847692	0.00507142837417003	0	0.0405303394436804	0.00739560008678466	0	0.00127650897554727	0	0.0211584767040797	0	0.8698524641805	0	0	0	0	0	0.0282230647979278	0	0	0	0	0.62417692856311	0.785432189161851
TCGA.AB.2971.03A	0.0459970888633747	0	0.00603319376783992	0.0209088504277615	0	0.141253705900538	0.0168978311154007	0	0	0	0.0480546568282286	0	0.583876422994241	0	0	0.035679328997481	0	0	0.0450819399187872	0	0.0562169811863475	0	0.014	0.26157253259882	0.999255520507483
TCGA.AB.2955.03A	0	0.150666022829079	0	0	0.058794033164997	0.0925574897612009	0.00557579357182888	0	0	0.379233206146205	0	0	0.00854547429118081	0	0	0.0365149087998381	0	0.00461337326907042	0.0572949296577522	0	0.206204768508847	0	0.037	0.176953572870138	1.03868487317619
TCGA.AB.2892.03A	0.019358319815529	0.0199821618745577	0	0	0.00326361789783291	0.0719838478741065	0	0	0.0155174457546174	0.0139406993522963	0.024066392648232	0	0.587457304009856	0	0	0.0535461170317545	0.00662411794780216	0	0.146636504875736	0	0.0376234709176801	0	0.00600000000000001	0.328719624216273	0.965751839733036
TCGA.AB.2898.03A	0.145906303153679	0	0.0688897307456086	0.0350554480710311	0.0245043277766797	0.0792404065669453	0	0	0.00781261143882156	0	0.0888412755202438	0	0.362008954759977	0	0	0	0	0	0.0079008787750495	0	0.0485126823113209	0.131327380880643	0.02	0.223756646879713	1.01362739587184
TCGA.AB.2857.03A	0.284355632714026	0	0.0630737380657627	0.0956029601709464	0	0.116529870667821	0	0	0.0357762103658582	0.00734163199603445	0.0564824957518776	0.00705412964641427	0.0443206950727475	0	0	0.011431312748162	0	0.00428154140222442	0.193687466947838	0	0.048873173552818	0.031189140897469	0	0.549210630290307	0.837139723534361
TCGA.AB.2995.03A	0.166612322400728	0	0.139225671925808	0.15481742995377	0	0.216459406283181	0	0	0.0906624556001357	0	0.187838059960876	0	0.01826956426956	0	0	0.00337713311425461	0	0	0	0.00498632652050972	0.0177516299711767	0	0.001	0.41063814948942	0.925378402935896
TCGA.AB.2928.03A	0.2518516005146	0	0.105319116404212	0.0763801192437159	0	0.226933320636729	0	0	0.0152311036153322	0	0.139343004110526	0	0.0200077218727494	0	0	0.0274555044499928	0	0.00126586248707664	0.0377760068547531	0	0.0984366398103131	0	0.051	0.161509013790951	1.0489293131175
TCGA.AB.2913.03A	0.136692543294133	0	0.0850930888256877	0.0895413305405406	0	0.253498111681748	0	0	0	0	0.104523442874822	0	0.115034416575016	0	0	0.0198368958283929	0	0	0.00751009136629437	0.0227760411028141	0.165494037910552	0	0.033	0.188862696570524	1.01648435012118
TCGA.AB.2866.03A	0.0173796986898766	0	3.97147708696051e-07	0.0778396967645526	0	0.0584616561931514	0.00320774788799708	0	0.00196965638569806	0	0.0503045930878153	0	0.615070322384683	0	0	0.0896477691398867	0	0	0.0391850670700296	0	0.0469333952486013	0	0.00700000000000001	0.31515128150737	0.977164235945998
TCGA.AB.2927.03A	0.118924539656041	0.119888188820593	0.0698933409399114	0.0407804631799211	0	0.163600528926671	0.0142019098973864	0	0	0	0.0608079215673042	0	0.256245065648699	0	0	0.0475471382183753	0	0	0.0667058105877869	0	0.04140509255731	0	0	0.549485203169866	0.841392556247999
TCGA.AB.2870.03A	0.0324181878251103	0.0229418297611581	0.0223924777555331	0.0198368558363589	0.00201822254576263	0.0535767778397292	0	0	0	0	0.0374893127443161	0	0.424397508395448	0	0.000255953480498742	0.0683386237355188	0.0152216341423174	0	0.264902853065588	0	0.0362097628726607	0	0.002	0.362571790827313	0.938400395816515
TCGA.AB.2956.03A	0.109024515663677	0	0	0.0531824826484309	0.00323753218944851	0	0.0136965203171257	0	0	0	0.0457583363331027	0	0.705782771605372	0	0	0.0195002065915734	0	0	0.0322089011118541	0	0.0176087335394154	0	0.018	0.230432909837242	1.03956027569515
TCGA.AB.3002.03A	0.343180473908512	0	0.137942744858077	0.0514363210040682	0	0.036718061550908	0.0118085287199806	0	0.00633844041334491	0	0.0665220163280521	0	0.209937636939703	0	0	0	0	0	0.00868569324838796	0	0.127430083028967	0	0	0.623004333703014	0.783058251176158
TCGA.AB.2834.03A	0	0.0226261669848561	0.0109410079992842	0.00982347822161843	0.0259059969137424	0.0227155442120884	0	0	0	0	0.0318957397711992	0	0.66624820364062	0.00298792347360193	0.000508438745094687	0.024061884475831	0	0	0.0879555733926346	0	0.0456356972688739	0.048694344900555	0.00800000000000001	0.309676607099028	0.993207787345805
TCGA.AB.2875.03A	0.0823191787899108	0.0417434054489393	0.0170651155795235	0.0908597957802798	0.0703935140756144	0.0545213240006085	0.0183035147481201	0	0.0113253329723141	0	0.126456468998643	0	0.0833575137996238	0	0.00149012353011231	0.0218805205396109	0	0	0.300374468949418	0.0117850135114893	0.0672801726984508	0.000844536577341592	0.045	0.164424796256229	1.02468685998344
TCGA.AB.2901.03A	0.0452437691638914	0	0.014612730879594	0.0333706344117514	0	0.0704977712080831	0	0	0	0	0.03203888778962	0	0.0493019566514155	0	0	0	0	0	0.684933583306357	0	0.0700006665892877	0	0	0.608486367240204	0.796927358911959
TCGA.AB.2858.03A	0.0997946282152864	0	0.0328416021825918	0.0344151526726854	0.0246636534323814	0.099943911730915	0	0	0.0151142859859744	0	0.0196664815348087	0	0.0483580129963078	0	0	0.0241390895727172	0	0	0.539246171792817	0	0.0618170098835149	0	0.001	0.441463973451412	0.905204282107626
TCGA.AB.2853.03A	0.0782170024151687	0	0.0920591771317884	0.00931774116844193	0	0.131114299315682	0	0	0	0	0.0741473047319435	0	0.345459966883746	0	0	0.0142625223383194	0	0	0.0549422463179247	0	0.200479739696985	0	0.025	0.204793199615046	1.00813923111826
TCGA.AB.2846.03A	0.076025100950925	0	0.0353387617275989	0	0.0176892778121081	0.0292701616138522	0.00672577833697204	0	0	0	0.0399030568630134	0	0.685422154580169	0	0	0.00102994982056577	0	0	0.072495259572004	0	0.0361004987227919	0	0.01	0.294546268968863	0.997354360850492
TCGA.AB.2994.03A	0.0640769536163728	0	0.00151036399834279	0.0641413000047445	0.0629408878548361	0	0	0	0.0367999433896869	0	0.0156417402038458	0.0162835350553685	0.204428712079184	0	0	0.0151646941589332	0	0	0.445446878197163	0	0.0735649914415226	0	0.0629999999999999	0.144374732815705	1.05209685874705
TCGA.AB.2977.03B	0.0596045131065888	0.001448618051424	0	0.0819227980414328	0.00317078535122989	0.00982640894038105	0	0	0.0832649863225232	0	0.0276065437871924	0	0.638012171478525	0	0	0.0172978753295907	0	0	0.0308859709387669	0	0.0469593286523457	0	0.002	0.383387815869945	0.938683070480391
TCGA.AB.2991.03A	0.173973236119798	0	0.137926626387121	0.081873499519444	0	0.107282863920861	0	0	0.00370671561028535	0	0.0817032086200232	0	0.197863082704363	0	0	0.0069954108956314	0	0.00299331440251436	0.19264903359064	0	0.0130330082293177	0	0.118	0.10377286331411	1.05798155888933
TCGA.AB.2886.03A	0.204947348585458	0.0372383005518233	0.0231459281431569	0.045729885136059	0.0686190182304848	0.113496938606122	0	0	0	0	0.0581821948841546	0	0.0316398027745403	0	0	0.0165019659352416	0	0.000285853128575775	0.271041338573934	0	0.12917142545045	0	0.073	0.13631866768486	1.04261444186539
TCGA.AB.2806.03A	0.180347830910385	0	0.0691626573477687	0.0087118331471708	0.0305062633227821	0.134683113495992	0	0	0	0	0.00428846597845025	0	0.117162688147148	0	0	0.0489047454084508	0	0.00235416822848134	0.254745115821685	0	0.134602716110414	0.0145304020812714	0.016	0.24190032889906	0.99017371867861
TCGA.AB.2873.03A	0.0615028011758026	0	0.0279372890449462	0.0315418761522508	0.00590674278936477	0.0351803225961929	0.0068504798130589	0	0	0	0.0362488198756376	0	0.729973630964023	0	0	0.0117094719191106	0	0.00137561660097098	0.0339301636440943	0	0.0132621664718243	0.00458061895272271	0	0.478932959020878	0.887236805069539
TCGA.AB.2885.03A	0.14787601516229	0	0.058875471769689	0.175403086646989	0	0.19697592262542	0	0	0.00593498376544984	0	0.135028352490095	0	0.045962005878685	0	0	0.0067877546281169	0	0	0.165251333125325	0	0.0619050739079407	0	0.023	0.215165135326519	1.00955218351875
TCGA.AB.2876.03A	0	0.0605990493894189	0	0.0488638780990323	0.00920050067444036	0.0773900770313987	0	0	0.012173336348468	0	0.0508016172125478	0	0.0945371850202312	0	0.00158269561369238	0.0384089831938528	0	0	0.448233175960868	0	0.151521947195215	0.00668755426083482	0.00800000000000001	0.311769435947256	0.969552650860602
TCGA.AB.2999.03B	0.0467428743802019	0.0124854601831388	0.0286890863203874	0.0639149748212835	0	0.182154278163792	0	0	0.00743187833319669	0	0.0577995935242536	0	0.0247579442961959	0	0	0	0	0	0.475945529767568	0.0134884318446039	0.0865899483653781	0	0.00900000000000001	0.295746675318934	0.984492029933534
TCGA.AB.2982.03B	0.224656304513441	0	0.121001615852885	0.152664004149878	0.034069302513694	0.0520227660968212	0.0410634135857278	0.0131868576648352	0	0	0.049605721503148	0	0.0796270950904301	0	0	0	0	0.0144613802261584	0.143755802017641	0.0122819420382415	0.0616037947470996	0	0.074	0.134196446846293	1.04915284974811
TCGA.AB.2815.03A	0.0461756802274243	0	0.0056629585870727	0	0.013471120977768	0.0113754296869588	0.00684662720954904	0	0	0	0.0325919072884019	0	0.695372164455488	0	0	0.0904844295454359	0	0	0.0772318258095104	0	0.0207878562123907	0	0.001	0.401022288621197	0.937330948665918
TCGA.AB.2810.03A	0.0180476749052901	0.00958635682450117	0.0272817956275749	0.0798253593059148	0	0.0591847203843976	0	0	0	0	0.10373493663689	0	0.174442536386519	0.00404232649813637	0	0	0	0	0.278711867592869	0	0.215210066117409	0.0299323597204996	0.00700000000000001	0.323522447390759	0.954424000731472
TCGA.AB.2941.03A	0.127363969684114	0	0	0	0.0438306883250679	0.184269072118883	0.00205068407204311	0	0	0	0.0846759462477245	0	0.14764766903079	0.0053430249919648	0	0	0	0.00112700209914438	0.334075855650181	0.00801616829602642	0.0399769955128401	0.0216229239712206	0.019	0.22495740350564	0.999644090832115
TCGA.AB.2896.03B	0.063516425799275	0	0	0.0769695153508129	0	0.0933438466981499	0	0	0.0065201842283915	0	0.042081254876803	0	0.231034575667706	0	0	0.0570483838651907	0	0	0.1917593132577	0	0.237726500255971	0	0.002	0.357941930613211	0.936061398271672
TCGA.AB.3009.03A	0.273617044271515	0	0.0761737788282056	0.0407385134127737	0.0684508367691805	0.129402286673632	0	0	0.00238087831987543	0	0.077087177069713	0	0.171215936444613	0	0	0.047249235445132	0	0.00348994777570013	0.0786299292132938	0	0.031564435776366	0	0.012	0.282609466001642	0.977496287965903
TCGA.AB.2859.03A	0.0356729499990024	0.0211934055336742	0.0595656317078544	0.180938772766582	0.0825757020184742	0.155701225622248	0	0	0.0712065584133441	0	0.163989543732305	0	0.127531265107822	0	0	0.00566648026803058	0	0.000382045419811098	0.00757416667236991	0	0.0880022527384825	0	0.074	0.134517160977305	1.05392691250081
TCGA.AB.2934.03A	0.0327383685111241	0.0356634217447899	0.00439488051781311	0	0.0179263809593022	0.0448618128826139	0.0159148885772555	0	0.0122118427509094	0	0.0411316563513401	0	0.751659438311888	0	0	0.0199115595662269	0	0	0.0235857498267368	0	0	0	0	0.583071112024742	0.813530757909543
TCGA.AB.2919.03A	0.100706951090618	0	0.202531361171448	0.0817356985375296	0.132295902626376	0.064053667926323	0	0	0.0106033610072313	0	0.0320475121034373	0	0.0115854010073575	0	0	0.0168405979011785	0	0.0096063567609419	0.295431356517602	0.0278146564225434	0.0147471769274137	0	0.00900000000000001	0.297683692675468	0.980283820366467
TCGA.AB.3000.03A	0	0.214975677840074	0	0.000271753573606254	0	0.0660318878134933	0	0	0	0	0.13942616569474	0	0.332279169292646	0	0	0.0824713916735318	0	0	0.122401629404245	0.0216645532095947	0.0204777714980685	0	0.00800000000000001	0.314412591904426	0.956508199565491
TCGA.AB.2973.03A	0.0528281780624369	0	0.0137093948188668	0.0264224041083329	0.000509808860368744	0.0336484938391948	0.0162602970479438	0	0.000710158054503021	0	0.0247716185274085	0	0.739307697894574	0.00680854068124382	0	0.00451458870845711	0	0	0.0375784867200766	0	0.0429303326765932	0	0	0.690626365823739	0.727632585270015
TCGA.AB.2924.03A	0.0164131061960604	0.0143160718077837	0	0.01411316317751	0.0316320905920208	0.0242091136856026	0.0211563220544957	0	0.0118645604883873	0	0.0473613718204012	0	0.650720075307747	0	0.000673364777419404	0.0485008912176255	0	0	0.0462788248750718	0	0.042323598411402	0.0304374455884729	0.003	0.350265407661138	0.963551189598034
TCGA.AB.2915.03A	0.0527881569168468	0	0.0296705894013766	0.130907318140095	0	0	0.0167231726569	0	0.0103221000409061	0	0.0294382694410807	0.000503921835464561	0.555069296010442	0.0293030394024724	0	0	0	0.00147134991242538	0.0543693135950583	0	0.0219236762585874	0.0675097963883448	0	0.520307865855844	0.853588940465824
TCGA.AB.2952.03B	0.137609486367921	0	0.0582109051365374	0.0733026391073748	0.000732079221227591	0.0726042233498535	0	0	0.0735730922557627	0	0.0799276144951961	0	0.432189479116341	0	0	0.0136282666600143	0	0	0.022808805364223	0.0103545379614476	0.0250588709641017	0	0	0.456236915652502	0.889287099898806
TCGA.AB.2938.03A	0.136085699620142	0	0.0395144655354461	0.213375775982927	0	0.243705166284254	0.0150431329890843	0	0.00565151041033236	0.032035306854066	0	0.00297484381582684	0.183714713329979	0	0.00259616038443917	0.0528310013194067	0	0	0.0475978698704712	0.00893203653305893	0.0159423170705666	0	0.015	0.253511002698812	0.988464609661832
TCGA.AB.2935.03A	0	0.0170117279156002	0.0818044117748096	0.122295469205051	0	0.138762224009117	0.00329996781480402	0	0	0	0.0946766129494093	0.000480427685815966	0.329124618274328	0	0.00454025644297945	0.0252556342690155	0	0	0.108071726037893	0	0.0746769236211761	0	0.019	0.226202452329315	0.993237240997451
TCGA.AB.2823.03A	0.00947726192093293	0.0251593271903354	0	0.076246502092516	0	0.0711402095685119	0	0	0.00393571998763506	0	0.0637656134038146	0	0.142158104055687	0	0	0.0432257143386466	0	0	0.530346013273777	0	0.0344852198442761	6.03143238669115e-05	0.02	0.222001263644387	1.02928381197248
TCGA.AB.2814.03A	0.139977871557917	0.0590708094165622	0.021943679142297	0.154852072643768	0	0.116115123040033	0	0	0.00314874056491873	0	0	0.0546846079889823	0.137632261076148	0.0714697114087927	0.00398145371775945	0.0196711173673602	0	0	0.0546976191536971	0	0.0948866263206597	0.0678683066011055	0.024	0.211305111941913	1.00140771341289
TCGA.AB.2899.03A	0.220996723247522	0	0.0962446822963757	0.0514497233297797	0.033617766328251	0	0.0258927411880008	0	0	0	0.070788555688929	0	0.414914209233409	0	0.00186801645913205	0.0236637647609109	0	0	0.0605638174676897	0	0	0	0	0.579949520009145	0.817832053331822
TCGA.AB.3001.03A	0.207450953000037	0	0.0593758544037186	0.200375729242102	0	0.0378241267196695	0	0.00865277044571395	0.00946991083067081	0	0.0751450840408641	0	0.232245298609237	0	0	0.00856800761526617	0	0.0129814691000367	0.142237887418343	0	0.0056729085743421	0	0.015	0.259229721152722	0.984445353559566
TCGA.AB.2813.03A	0.0624148706435954	0	0.0881363970849041	0.022377825316018	0	0.00738563543458619	0.00515055272193808	0	0.0014629321598105	0	0.0213494589716523	0	0.753893301742906	0	0	0.00642000951609488	0	0.00059374546699483	0.0100875890728231	0	0	0.0207276818686763	0.001	0.422472664815689	0.932242261323358
TCGA.AB.2942.03A	0.0336073230255555	0.0218700578559062	0.00979794195860534	0.0115385993993777	0	0.183057939984222	0	0	0.0148916312949116	0	0.036909498863458	0	0.502546871822469	0	3.6745523169252e-05	0.0419784294667724	0	0	0.126104520133399	0	0.0176604406721541	0	0.001	0.441909338089086	0.897734374280168
TCGA.AB.2930.03A	0.102256557724939	0.0942270205950859	0	0.0248117093043743	0.000367399738461924	0.0969600785921704	0	0	0	0	0.0819796630584998	0	0.329337125086576	0	0.0029385555504792	0.0611537814316061	0	0	0.0361450851081111	0.00516565976954255	0.164657364040154	0	0.013	0.271664174577291	0.976969828744768
TCGA.AB.2811.03B	0.0343338852810553	0.0547003356630742	0.028093503914931	0.0453729533427263	0	0.0323814184352124	0.00469766151399577	0	0.0235285911686672	0	0.112063092312625	0	0.4436167329034	0	0	0.0841886123943849	0	0	0.0755058514731703	0.0049498816859073	0.05656747991085	0	0.045	0.164777392241193	1.0283609524342
TCGA.AB.2842.03A	0.0285191264019547	0.000569720650976687	0	0.0243551281867978	0	0.0374281716227464	0	0	0.00264819167593012	0	0.00678973770667982	0	0.827492821232917	0	0	0	0	0.00609861770625894	0.048302280581394	0	0.0177962042343443	0	0.0620000000000001	0.144862750782142	1.12056550647324
TCGA.AB.2911.03A	0.0302015128344558	0.0183570856743478	0	0.0373602542931413	0.0391796893832414	0.00949835050102566	0	0	0.0138446264713451	0	0.0283315289559164	0	0.705466102424928	0	0	0.0198440938874471	0.000162300096378666	0	0.0702098946960416	0	0.027544560781731	0	0	0.614016481549346	0.789938496177017
TCGA.AB.2825.03A	0.0043169367497956	0.0225535073862765	0	0.0151044551092395	0	0.032924906409675	0.0106569028835342	0	0.00839580912642437	0	0.0396578944273457	0	0.713365649962057	0	0	0.0373761705216992	0	0	0.0571101080978105	0	0.0585376593261428	0	0	0.565072439475593	0.82627604038866
TCGA.AB.2920.03B	0.305333816287055	0	0.173261445341306	0.0975020052517057	0.0182835789718865	0.0664685537620513	0.00863785591591562	0	0.0154236626121254	0	0.0115705935174557	0.00622732834073304	0.0951503812745867	0	0.00471136016426658	0.0200141468062943	0	0	0.075591986698962	0.000232808401798767	0.101590476653857	0	0	0.453163886989369	0.897628102536315
TCGA.AB.2998.03A	0.0388100405267955	0	0.0101300938035854	0.013434489909687	0	0.0681615767626742	0	0.00356779392174873	0.00297610554128251	0	0.101755336653987	0	0.305978903529016	0	0	0.135118881190323	0	0	0.197917782709707	0	0.122148995451194	0	0.035	0.185510919991253	1.01151644057727
TCGA.AB.2916.03A	0.0126808372547077	0	0.00211885466865966	0.00623035796865336	0.0444919368902697	0.0668462500520057	0.0202334370385675	0	0	0	0.0503604192961274	0	0.705170571380342	0	0	0.00418089069615966	0	0	0.0351613089912786	0	0	0.0525251357632293	0	0.840773212933924	0.587462369533253
TCGA.AB.2839.03A	0	0.0600979185098089	0.0293121393428259	0.00584506732386914	0	0.08861087160105	0	0	0	0	0.0753226029977971	0	0.0471637566992893	0	0	0.0231982748379441	0	0	0.423188714142444	0	0.247260654544972	0	0.012	0.281015766564735	0.987517464277461
TCGA.AB.2965.03A	0.0376136406214841	0	0.01355028412771	0	0	0.0936588389244424	0	0	0	0	0.0215084217335601	0	0.58528906007786	0	0.0021145988961014	0.0570694748555421	0	0	0.0765602410109006	0	0.112635439752399	0	0.016	0.245580210452516	1.01168931118374
TCGA.AB.2944.03A	0.0726620644991286	0.0892504916995446	0.0446356367260349	0.0415286817643693	0	0.206152351623181	0	0	0	0	0.0554857503681376	0.0368884723566877	0.158662338936354	0	0	0.0123933340320037	0	0.0056029099087476	0.0769463185542779	0	0.182147356480538	0.0176442930509951	0.014	0.260014480260469	0.978699264944139
TCGA.AB.2861.03A	0.130456293521151	0	0.0449238538993973	0.0237314739568332	0	0.0725664816024838	0.00790141413399778	0	0	0	0.0731599140934132	0	0.46123458928623	0	0	0.172771812474632	0	0.0042783891214697	0.00897577791039101	0	0	0	0.0620000000000001	0.14570973076103	1.0455626961324
TCGA.AB.2843.03A	0.160081959156154	0.0477373391454144	0.0613722556837971	0.0546572039847132	0.0598677975111229	0	0.0365793215220205	0	0.0205556997399709	0	0.089294424218665	0	0.178611602795293	0	0	0.145236329252706	0	0.000551425960376909	0.137367384665798	0	0.00808725636396763	0	0	0.511434192342218	0.86432089885027
TCGA.AB.2933.03A	0.163012971475979	0	0.0391294733467141	0.000390306201075333	0	0.0229146666378839	0.0422764352894066	0	0.00685818799209105	0	0.0556295072608705	0	0.568592482131985	0.00898751146249964	0	0.00030719516692053	0	0	0.0448976500387645	0	0.0337964045954133	0.0132072084003962	0	0.623552715470014	0.786739424875836
TCGA.AB.2894.03A	0.0323479200974415	0.111143721406603	0	0.102232070054175	0.0191856505682003	0.0305321454248525	0	0	0	0.0203101155376275	0.0651630179305757	0	0.203248318111855	0	0.00140560252735833	0.28244650586126	0	0	0.0444405897554443	0	0.0875443427246074	0	0.013	0.276540856759401	0.969545071700044
TCGA.AB.2888.03B	0.0145154469515973	0	0.0161688569149004	0.0147558909294328	0.00382870688720629	0.089956310254021	0.00973709335293419	0	0.00591915428946631	0	0.0459786809156846	0	0.737384354947604	0.00231007908498775	0	0.000238310314219979	0	0	0.0142609662900942	0	0.0432592745280814	0.00168687433976921	0	0.636584055966762	0.771911277249693
TCGA.AB.2900.03A	0	0.0259686884475066	0	0.053812359124384	0	0.0296513170478378	0	0	0.0159936676710684	0	0.0309436517526806	0	0.323121470307171	0	0.00726931433819824	0.0870526047267822	0	0	0.206248857656607	0	0.219938068927764	0	0.00800000000000001	0.313768093298157	0.960142159006981
TCGA.AB.2966.03A	0.141740413748074	0.0725011069349988	0.115698903104747	0.0989127876027698	0.0366932618079933	0.379847436684355	0	0	0.00622315045118693	0.00865951166616319	0.0898474148647667	0	0.00500213278810585	0	0	0.00792559132082996	0	0.00439791994925163	0.00410530543242289	0.0175952539656867	0.0108498096786485	0	0.003	0.349908013951507	0.959952324451537
TCGA.AB.2963.03A	0.0389041280262074	0	0.00703762215780713	0	0	0.0758698654238213	0	0	0.00795011185398793	0	0.0417240617148461	0	0.455008002066947	0	0.000919626649842301	0.0266377009293236	0	0	0.172940500691679	0	0.104253428013251	0.0687549524722872	0.026	0.204015280349222	1.02316432796055
TCGA.AB.2975.03A	0.0378802092206937	0.0225947787710925	0.205024163626474	0.211476511767564	0	0.0677623460970798	0	0	0	0	0.103631079748651	0	0.231560518712095	0	0	0.00916911142263168	0	0	0.00574036162943572	0.0140905183820358	0.0910704006222469	0	0.01	0.293134519809067	0.976559948354754
TCGA.AB.2881.03A	0.131128729775825	0	0.00757958547319343	0.0771877477228842	0	0.136733740415113	0.00196650245102243	0	0	0	0.0785701426148307	0	0.415118166985713	0	0	0.0046432410150914	0	0	0.118231961031017	0	0.0288401825153108	0	0.001	0.40119468500736	0.916847574389947
TCGA.AB.2950.03A	0.17506556377669	0	0.100787233751728	0.0729335275980707	0	0.129354583787415	0	0	0.00364582491047936	0	0.0565671389141277	0	0.0986358185950281	0	0	0.0453364444666129	0	0	0.249663525619461	0.00361366533909897	0.0643966732412885	0	0.036	0.181215626182541	1.01840432009891
TCGA.AB.2821.03A	0.180043584633179	0	0.0713279350512668	0.0110239703864586	0	0.177745972374579	0	0	0.00952402802548324	0	0.123452959881105	0	0.364002094665083	0.00762564865250699	0	0.00662218649612072	0	0.001683303613575	0.000740419038499993	0	0.0462078971821429	0	0.001	0.417664066461955	0.909497147355126
TCGA.AB.2912.03A	0.0595683472913565	0	0.0549330684927529	0.00339920326827474	0	0.0726973797877265	0.0209096603376174	0	0	0.00324509918491172	0.0344570900085489	0	0.672164157325396	0	0	0.0199183495535931	0	0	0.0418380408309164	0	0.0168696039189064	0	0.005	0.334178364663461	0.971394307504804
TCGA.AB.2890.03A	0.133167011321464	0	0.00635328727192232	0.171664762730836	0	0.0424406043928748	0.0207338603961648	0	0.0171558342081359	0	0.164747429983807	0	0.357682781847167	0	0	0	0	0	0.05747532907531	0	0.028579098772318	0	0	0.624263692195384	0.795462187437625
TCGA.AB.2812.03A	0.00845941745553276	0.0353765979469311	0	0	0	0.0984642324772592	0.00881691732914995	0	0	0	0.0357991097613915	0	0.0486631032814411	0	0.00510129763850821	0.0343884316167938	0	0	0.329002438878851	0	0.395928453614141	0	0.015	0.253832666374467	1.0046666968814
TCGA.AB.2817.03A	0.232794530317945	0.0368029617369214	0.0346367279777473	0.0308026670929923	0	0.0508480735753426	0	0	0.0226979015369721	0	0	0.0263146800072912	0.306129671917275	0	0.00108921178896765	0.0562062416439685	0	0	0.101544548709115	0	0.0950238208737955	0.00510896282166685	0	0.536678002656114	0.845940326529112
TCGA.AB.2970.03A	0.116836287433928	0	0.103628882415157	0.0252663002536016	0	0.0790472883970984	0.0142365209294803	0	0	0	0.0437399565861144	0	0.410883282151641	0	0	0.126714630656685	0	0	0.0380561394658388	0	0.0415907117104556	0	0	0.474700375834704	0.879769625728435
TCGA.AB.2984.03A	0.164749166202481	0	0.190446188889276	0.0297789490379647	0	0.134344652969431	0	0.00402622782519783	0.00737856589217531	0	0	0.0682712987244664	0.00890731454262129	0	0	0.0364411111104663	0	0	0.288040485510156	0	0.0676160392957644	0	0.023	0.214718142873157	1.02362845627725
TCGA.AB.2946.03A	0	0.090734537352469	0.0260671245719169	0	0	0.0870791039363125	0	0	0	0	0.0865188254523896	0	0.586297513961865	0	0	0.0168593368556487	0	0.00210170264828196	0.0654961473809934	0	0.0388457078401225	0	0.001	0.404217765165798	0.921859315336464
TCGA.AB.2828.03A	0.0325023717671507	0	0.0230821567431776	0	0.00536122918560746	0.0157887341763338	0.0033705093012963	0	0	0.00552230085717844	0.00942044259979836	0	0.812399046985355	0	0	0.026640006119617	0	0	0.0547012049407626	0	0.0112119973237227	0	0	0.485065793966522	0.893285679895849
TCGA.AB.2845.03B	0.0776550884359932	0.0600752252807208	0.146078695851984	0.0339201088951243	0	0.0580808129102367	0.0184190150633207	0	0	0.0186827982657954	0.0264190721119094	0	0.282018682551833	0	0	0.142249739736741	0	0.000170792697546352	0.0881160658540235	0	0.0481139023447711	0	0	0.465926092441064	0.884536302284224
TCGA.AB.2883.03A	0.149223777223306	0	0.210130990450163	0.0170529648965115	0	0.0711990882433464	0.00667066309604825	0	0	0	0.0405732334753668	0	0.319522433659237	0	0	0.171122237234055	0	0.000785853131761535	0.0137187585902041	0	0	0	0.02	0.221138475583544	1.02118730360418
TCGA.AB.2959.03A	0.265528234681374	0	0.0788997034878376	0.0608978468864477	0	0.286277056176184	0.00486967223070583	0	0	0	0.0789019031220804	0	0.135399537606866	0	0	0.0334800381562753	0	0.00209897169880298	0.023359169607153	0	0.0302878663462737	0	0.002	0.391015182259635	0.926019744337546
TCGA.AB.2893.03A	0.04179335855691	0	0.00961543682476514	0.00883281451745216	0	0.0525303475778882	0	0	0	0	0.0203240556201188	0	0.732277292958439	0	0	0.109229359278996	0	0	0.0186243645365935	0	0.00677297012883722	0	0.072	0.138045552603927	1.10330780456444
TCGA.AB.2863.03A	0.153929967799836	0	0.0837386539741955	0.0394089998638946	0	0.165110750824278	0.00630492849920496	0	0.0190930801437363	0	0.0226978613744225	0	0.283651347062363	0.0171168520264305	0.000871081100166667	0	0	0	0.111661144719518	0	0.0964153326119539	0	0.013	0.270658782614964	0.975251106989596
TCGA.AB.2871.03A	0.151281918283603	0	0.0756501298300147	0.178240628170481	0.0267551018923451	0.247264126253513	0	0	0.0178679565354502	0	0.222696894221012	0	0.0244962072013087	0	0	0.00341126483694526	0	0	0.00953146823247854	0	0.0428043045428489	0	0.001	0.435166577459592	0.908752299734821
TCGA.AB.2979.03B	0.0801697919215213	0.148594307240063	0.0418734377378061	0.0795427591957037	0	0.0886556528890526	0	0	0.00579931640139825	0	0.0976003006497416	0	0.215978192695077	0	0.00104733533637974	0.0799467746049008	0	0	0.0938831813311346	0.0464373947811001	0.020471555216121	0	0.012	0.289210198851139	0.966359337073644
TCGA.AB.2987.03A	0.0553284366368423	0	0.00391485617161635	0.0606583362390035	0	0.16250435235511	0.0277175179041447	0	0.00370130052537701	0.0043262554067271	0.0398862186210138	0	0.521452322927986	0	0.00922683647176051	0.0434519105610336	0	0	0.0163210172412922	0	0.0440969714926242	0.00741366744546812	0	0.678621364798833	0.756846984831359
TCGA.AB.2891.03A	0.154585911346847	0	0.147327949631371	0	0.0187865384555136	0.0834313803473415	0.0129612333392339	0	0	0.00706968122565982	0.0589816295989469	0	0.394652037706071	0	0	0.0585089135232464	0	0	0.00548415181019002	0	0.0582105730155794	0	0	0.510191805469867	0.859551618052548
TCGA.AB.2820.03A	0.332414017966902	0	0.00921931634324864	0.0112270936504861	0.131391700261077	0	0.0140063810518846	0	0.0067875904249057	0	0.28623174040536	0	0.0608103366627716	0	0	0.00720169395670413	0	0	0.0918034982911736	0	0.0489066309854869	0	0.003	0.35155373916333	0.954109269094282
TCGA.AB.2897.03A	0.0798182726376259	0	0.0199019045392409	0.0745730123880872	0.0495384207689756	0.0429407557240339	0	0.00721721143582902	0	0	0.0636446400925143	0.00559354434138521	0.141742053244446	0	0.0015203807176733	0	0	0	0.455965231347567	0.00618531373615004	0.0513592590264712	0	0.024	0.210951385848792	1.02161289595728
TCGA.AB.2884.03A	0.120094551214228	0	0.0248840853051214	0.0333655372577522	0.0093742704926749	0.0297541882256778	0.0124328596927259	0	0	0	0.0504416439116607	0	0.480621175054248	0	0	0.0352548908010898	0	0	0.079471670035072	0	0.124305128009749	0	0.00700000000000001	0.316269438006603	0.963061313282884
TCGA.AB.2882.03A	0	0.0117106212155086	0.0180047316221145	0.0627293892135038	0	0.166870352230974	0.0262342512357951	0	0.0180618477118158	0	0.311375467174761	0	0.170449909037283	0.002879998612515	0.000765682248515191	0	0	0.00071247986762689	0.0757643406077201	0.000351671363351914	0.134089257858515	0	0.012	0.279027210998965	0.985661042313576
TCGA.AB.2981.03B	0.00380998350247341	0	0.00235333148849408	0.0148524031155262	0	0	0.00805173977167635	0	0	0	0.0074165163391975	0.00092685405435071	0.795984434956579	0	0.0130805092847277	0.0159437026168568	0	0	0.0111865956308106	0	0.122462963044207	0.00393096619510062	0	0.754235182601814	0.66163578862542
TCGA.AB.2877.03A	0.123996104145778	0	0.0621684087274895	0.0418848064582285	0.0160627147100677	0.182191977654231	0.0141583673277093	0	0	0	0.119898356011482	0	0.00392708270194272	0	0	0.0143639490562271	0	0.000740926384632533	0.307908931675409	0	0.112698375146802	0	0.037	0.175914584795299	1.02403771892866
TCGA.AB.2918.03A	0.124286418910862	0.0148682436342626	0.0386935136016341	0.010914814337371	0	0.0680635428692	0	0	0.00413675918759564	0	0.028746792409067	0	0.268414673053615	0	0.00352795332867491	0.0695011861391703	0	0	0.11454396904163	0	0.254302133486918	0	0.00800000000000001	0.310717602844712	0.959530807843574
TCGA.AB.2889.03A	0.00191192005206667	0.0275996916563407	0.00780826224696823	0.0283582682444879	0	0.0962950525047677	0	0	0.00733021309881123	0	0.0267901972334254	0	0.564500027081211	0	0.00237355649850046	0.0640901862118418	0.0176497818389861	0	0.105002693002518	0	0.0502901503300746	0	0.00800000000000001	0.31030156265565	0.97194334942806
TCGA.AB.2808.03A	0.0765166871220057	0	0.0463635673157142	0.0133127891582057	0.0200497448053263	0.032602565334259	0	0	0.00809278642526984	0	0.028821558508498	0	0.38475272490888	0.0260183907115217	0.00321908498807199	0.0180632904580172	0	0	0.139252145544982	0	0.131162838582105	0.0717718261371436	0.003	0.352943629968217	0.942893525157774
TCGA.AB.2983.03A	0.108040296477724	0.0715461126150244	0.0429667376661638	0.0612973484569214	0.0721929198457898	0.0241044392004504	0	0	0	0	0.0585650728105792	0	0.370099297342077	0	0.00559579085815142	0.0792066219744343	0	0	0.0218876602770119	0.00383248696829959	0.080665215507373	0	0.001	0.427122007008374	0.903876398937709
TCGA.AB.2830.03A	0.278270270377663	0.0182367924211432	0.0194811775130033	0.066083993864051	0	0.272742913562844	0	0	0.00545151547774565	0	0.0735906064578714	0.00519420854422933	0.102553713920962	0	0	0.113463212165278	0	0	0.0319426397759026	0	0.0129889559193065	0	0.00800000000000001	0.305698944213878	0.967556040644423
TCGA.AB.2929.03A	0.110692836731317	0	0.116171827000266	0	0.175498274582344	0.0166780115274353	2.04668051725727e-05	0	0.0762117712859553	0	0.0828576741492422	0.0477654344653671	0.15314236188992	0	0	0.00951009013017037	0	0.00126244553129279	0.142403680084696	0	0.0258326959305207	0.0419524298862997	0.001	0.42771590706682	0.903185738806972
TCGA.AB.2836.03A	0.0361748316983085	0	0	0.0276063407290895	0.0174878823238466	0.0169301218672852	0	0	0.0126322593920528	0	0.0270938463854212	0	0.664555215679818	0	0.00203863144452284	0.0362947606147664	0	0	0.0689677932676606	0	0.0673769298246106	0.0228413867726177	0	0.51500584195303	0.860137401422268
TCGA.AB.2910.03A	0.117952537601554	0	0.00559265278806774	0.0265994102527948	0	0.052567447126063	0	0	0	0	0.0410335138634058	0	0.563274188287165	0	0	0.160650063835315	0	0	0.0323301862456354	0	0	0	0.069	0.141524940863493	1.06377201317356
TCGA.AB.2856.03A	0.12436823847719	0	0.0560865101345246	0.0205994919623662	0.0344776972326222	0.01890430205147	0.00829271077756101	0	0.0172829175734752	0	0.0238204197116913	0.00338707101753073	0.562047119226713	0	0	0.048609422973512	0	0	0.0584640013680471	0	0.0236600974932972	0	0.003	0.350512008964415	0.951532149530016
TCGA.AB.2844.03A	0	0.0390024409447216	0.0204082776244703	0.00866425421627025	0.0233523189860737	0.0254960794647919	0.0109326247235347	0	0.00382039845136228	0.00590019448690145	0.0212742585732194	0	0.634808739633169	0	0	0.0603217096753298	0	0	0.105246946151074	0	0.0407717570690822	0	0.034	0.186183775752473	1.0493225819153
TCGA.AB.2908.03A	0.12033676982416	0	0.233860172440001	0.142899390861447	0	0.172731663490343	0	0.00145693360177025	0	0	0.0346598304806574	0	0.176592508609885	0	0	0	0	0	0.0781242029129096	0	0.0357161456264596	0.00362238215236728	0	0.524687471454788	0.850597914115964
TCGA.AB.2940.03A	0.104367431382318	0	0.126977461331567	0.0352145816398823	0.00260515923679457	0.0814755895702733	0	0	0	0	0.0288448937181825	0.00315347819958821	0.331377171156711	0	0	0.013493010147663	0	0	0.256371050461373	0	0.00355123518072043	0.0125689379749272	0	0.466515199750056	0.884250505860392
TCGA.AB.2869.03A	0.0918352783655225	0	0.170411180847046	0.0520265423292023	0	0.124524197197636	0	0	0.0336732813520395	0	0.121416072151287	0.0053164156832266	0.0233746387301518	0	0	0.0149056850864821	0	0	0.132155960643319	0	0.230360747614087	0	0.012	0.282666564728181	0.977149150363779
TCGA.AB.2996.03A	0.0781090519650761	0	0.118046558699289	0	0	0.0949195292778637	0.0149651683174115	0	0.0214269880538783	0	0.040934252155715	0	0.35105282649818	0	0.000874096462426289	0.0276751107026835	0	0	0.251996417867477	0	0	0	0.001	0.430288909222166	0.90290520918138
TCGA.AB.2867.03A	0.147140756838085	0	0.00622588174972596	0.13043556628857	0	0.169903251225326	0.0252782185563574	0	0.0102257634400837	0	0.105048119490922	0	0.193133060828475	0.00431013058531954	0	0	0	0.00117233369824825	0.101173442395523	0	0.0474626844585158	0.0584907904448483	0.001	0.43217280322484	0.900978407480812
TCGA.AB.2826.03A	0.00398515659777058	0.0125570244341884	0	0.0106295057387043	0.0260265185380524	0.00477091225060019	0.00479112030587582	0	0.000240444261241414	0	0.0541895146203843	0	0.631925460734863	0	0.0013876233306507	0.0211989135886995	0	0	0.050374385079686	0	0.151263276815542	0.0266601437037417	0.003	0.353462030226063	0.963751646441822
TCGA.AB.2872.03A	0.182106831565827	0	0.148633851536693	0.081746713229637	0.0462977172488415	0.00737187930179713	0	0	0.0163108416929866	0	0.0561921445210622	0	0.128548681920025	0	0	0	0	0	0.276223694428888	0	0.0565676445542422	0	0.076	0.132557329658034	1.05354187738421
TCGA.AB.2840.03A	0.250106188996431	0	0.0866301765358239	0.0281081860020017	0.0658418931878906	0	0.038371442802752	0	0	0	0.063323051270351	0	0.077459248723327	0	0	0.0364340358190968	0	0.000694722636484263	0.335521659386704	0	0.0175093946391377	0	0.041	0.168994206573888	1.03934398498807
TCGA.AB.3008.03A	0.168528136825656	0.173152426127448	0.112922986758651	0	0	0.102009911582767	0	0	0	0.231295243413148	0.0161631774410978	0	0.0406585871559954	0	0	0.0752783906104097	0	0.0025281422273151	0.0300382311112154	0	0.047424766746297	0	0.001	0.411620835426688	0.921322397643768
TCGA.AB.2992.03A	0.106688314801142	0	0.0387798914915601	0	0	0.0847745218973289	0.0026066681098656	0	0.00140969236743151	0.00982617072683615	0.0572185744334073	0	0.588098716079811	0.0715773591033951	0.000393356595039128	0	0	0	0.03742149584493	0	0.00120523854925333	0	0.002	0.362431376040483	0.946277275609777
TCGA.AB.3011.03A	0.247029404259855	0	0.123481143207243	0.035586860051223	0.0172885038998171	0.0982625713581242	0	0	0	0	0.0260452264576338	0	0.122552088165722	0	0	0.0591183281794627	0	0	0.165842110827842	0	0.104793763593077	0	0.012	0.282881366322612	0.978708919298587
TCGA.AB.2914.03A	0.0644722104398659	0.0157684223392899	0.0158856837720384	0.0164823973305264	0	0.0865830788299152	0	0	0.00428879470632659	0.0151051522480681	0.0355147051587753	0	0.517199556340487	0	0	0.0228905399963773	0	0.00212445426683294	0.197793835090509	0	0.00589116948098837	0	0.002	0.364005004455849	0.940195483999359
TCGA.AB.2818.03A	0.0432044364065981	0	0	0.00515036045472791	0.0307337424331219	0.0214663207505938	0	0	0	0	0.0678825649989226	0	0.476969152079305	0	0.000443706238827981	0	0	0	0.0359086225467916	0	0.143262200078266	0.174978894012846	0.002	0.381081578618337	0.946945330581734
TCGA.AB.2986.03A	0.0724027832300214	0.0152388966575857	0.0850055057303375	0.0917001524541651	0	0.129054837694792	0	0	0	0	0.00199700980708677	0.0271913634853548	0.148702424508694	0	0	0.0156450922821443	0	0	0.14413871594236	0	0.231683273881309	0.0372399443261495	0.001	0.400257465523115	0.916117533701187
TCGA.AB.2847.03A	0.0840097552983456	0	0.176990697936684	0.179337533450644	0	0	0.0119643797319985	0.025890941442209	0	0	0.0888919378537081	0.00254193557227075	0.0819688774847978	0	0.00552502285332687	0.0480150798506397	0.000615991518249436	0	0.22330478306391	0	0.0697726097086874	0.0011704542345294	0	0.522329788238735	0.854121394721214
TCGA.AB.2805.03A	0.0143771649919939	0.00418059020031323	0.00712437649576211	0	0.00919060965703157	0.0138506770882511	0.00440056632675546	0	0.000785797675461927	0.0041761525177021	0.0145431836725925	0	0.885729980016311	0	0	0.00637865063115099	0	0	0.033268690829347	0	0.001993559897327	0	0	0.746140944960472	0.667717692602626
TCGA.AB.2819.03A	0.0751384179414832	0.133387678413953	0.0177206218237449	0.05511695871646	0	0.220531816839542	0	0	0	0	0.0108172070952808	0	0.184249065062475	0	0	0.0555438440840956	0	0.00165720764958523	0.24583718237338	0	0	0	0.034	0.187881135306186	1.0108996475492
TCGA.AB.2988.03B	0.124467355306447	0.031374225986787	0.0349068878160053	0.00442795517610675	0	0.102222534358328	0	0	0.00434240687006062	0	0.0720303395659983	0	0.304329017326473	0.000357483558941728	0	0.0264825139752274	0	0.000148383853614065	0.0589682736939453	0	0.235942622512066	0	0.018	0.231038579997321	0.996580146879686
TCGA.AB.2841.03B	0.0526488806557226	0	0.0185255328520809	0.0419594444533892	0	0.114169359997681	0	0	0.00903030875705946	0	0.171461257783159	0	0.196570313123149	0	0	0	0	0	0.395634902377759	0	0	0	0.035	0.184664490188975	1.02892542877031
TCGA.AB.2976.03A	0.141851116654748	0	0.0432138026073548	0.0107100363870621	0.00180260029849392	0.0685192317848497	0.010944883140925	0	0	0	0.0598856497651863	0	0.108237944005943	0	0	0.0346398436306271	0	0	0.10798121915772	0	0.41221367256709	0	0.044	0.166479839543416	1.03686569846301
TCGA.AB.2895.03A	0.185719501914136	0	0.0107447984608308	0.0111988803712392	0	0.337149824437174	0	0	0.0270633585172288	0	0	0.0493236851996959	0.0228870373094023	0	0	0.0273965772397859	0	0	0.0805473487346686	0	0.247968987815838	0	0.073	0.13538200431213	1.04347675348267
TCGA.AB.3012.03A	0.0574622057611227	0	0.053783919161918	0.0211781283696889	0	0.114584084568667	0	0	0	0	0.0381175342686553	0	0.0489498857842484	0	0	0.00732471418358843	0	0	0.618185637394769	0.0206354369747079	0.019778453532635	0	0.015	0.256585855031587	1.03666097071186
TCGA.AB.2874.03A	0.0631792388676795	0	0.0305617722505385	0.0166308901170334	0	0.0452802204777352	0	0	0.00986336379915702	0	0.0709247591079753	0	0.383321153200772	0	0	0.0281278104086814	0	0	0.218723820502381	0	0.133386971268047	0	0.025	0.205666229523783	1.00952363770999
TCGA.AB.2862.03A	0.199960452436226	0.0228617270168595	0.121615643061761	0.062405853906088	0.0169805996785934	0.127518063807821	0	0	0.0100819769132808	0.00794547448499246	0.0585204399076083	0	0.0251363135883154	0	0	0.00463376515244135	0	0.00338340137036738	0.253770226358003	0	0.0851860623176416	0	0.028	0.199233868203503	1.02282787809953
TCGA.AB.2980.03A	0.0849898585831485	0	0.00776151639620827	0.0901318850528709	0	0.330655794681754	0.0151265970472534	0.0290810541965675	0.0112206089503004	0	0.0794697303648063	0	0.0352215498955099	0	0	0.0287438888542619	0	0	0.22885890923469	0	0.0587386067426291	0	0.015	0.257346510329011	0.986725313520005
TCGA.AB.2865.03A	0.00473766835318923	0.0163102219366383	0.01787469083058	0.0723782980640957	0	0.043057011854709	0.00629204216711508	0	0	0	0.0872564025196982	0	0.662519593633862	0	0	0.00201849762588594	0	0.00146784617166396	0.0706002495244718	0	0.0154874773180907	0	0	0.519663313015406	0.855404154157112
TCGA.AB.2835.03A	0.0558022049236658	0	0.0218518599583578	0	0.00672095993549962	0.0214122868615829	0.000447787343721136	0	0.00209991769776639	0	0.0246336019448264	0	0.722251885509204	0	0	0.0690072163531963	0	0	0.0431574991638236	0	0.0326147803083563	0	0.013	0.276049395757762	1.01884977852495
TCGA.AB.2878.03A	0.156002041554596	0	0.187970835404616	0.0181822185758117	0	0.139243495220128	0.00446449696183442	0	0	0.000513386452276881	0.0655605370525059	0	0.0681618397128853	0	0	0	0	0	0.249232102078705	0.0192213390062899	0.0586646547136014	0.0327830532667495	0	0.516148909608853	0.855891457461591
TCGA.AB.2936.03A	0.296215348136306	0	0.08841053069475	0.0810833539934963	0	0.270387501114495	0.00941841846345766	0	8.69322709947424e-06	0	0.106418711536566	0	0.100067531405537	0	0	0.00949812800668116	0	0.00386872265379974	0.0161112378344301	0	0.0185118229333823	0	0	0.455045940236058	0.893587990538099
TCGA.AB.2880.03A	0.014619776151301	0.0549454543215953	0	0	0.00645628301588883	0.0398028058811134	0.00199868759364313	0	0	0.014821597322657	0.0476297240126501	0	0.603941404436638	0	0	0.101933826989507	0	0	0.085649264012573	0	0.0282011762624333	0	0.00700000000000001	0.324556944857364	0.970782152049766
TCGA.AB.2932.03A	0.00450989363562996	0.00853780921199365	0.000471216170098223	0.0057425672823002	0.00640370690148147	0.0161496568242909	0	0	0.00425106177904121	0	0.00563046819670952	0.00812795357935567	0.816746295136558	0	0	0.0420468669488498	0	0.00358294050578691	0.0501307340968148	0	0.0276688297310897	0	0.001	0.410686513628308	0.949287518949597
TCGA.AB.2925.03A	0.050831419065626	0	0.00294552945058174	0.00670079176323778	0	0.0251332970170519	0	0	0.000644789227106508	0	0.0180750413870217	0	0.74826336251446	0	0	0.0623271991316167	0	0	0.0655735124786596	0	0.0195050579646379	0	0.035	0.1830067026313	1.07967334415675
