AML1	AML2	AML3	AML4	AML5	AML6	AML7	AML8	AML9	AML10	AML11	AML12	AML13	AML14	AML15	AML16	AML17	AML18	AML19
HLA-A02:01	41	0	0	0	68	42	45	0	0	0	0	52	30	50	36	43	35	0	74
HLA-A34:02	31	0	0	0	0	0	0	0	0	0	0	0	0	0	0	0	0	0	0
HLA-B08:01	28	0	27	0	0	0	0	0	0	0	0	0	0	0	0	29	0	0	0
HLA-B57:01	19	0	0	0	30	0	0	0	0	18	0	0	0	0	0	0	0	0	0
HLA-C07:01	26	0	28	0	0	0	0	0	0	0	0	0	0	0	0	28	0	0	0
HLA-C06:02	35	0	0	28	50	0	0	0	0	14	0	0	0	0	0	0	0	0	0
HLA-A24:02	0	51	0	0	0	0	0	0	0	0	28	44	0	0	0	0	0	33	0
HLA-A68:02	0	37	0	0	0	0	0	0	0	0	0	0	0	0	0	0	0	0	0
HLA-B53:01	0	35	0	0	0	0	0	0	0	0	0	0	0	0	0	0	0	0	0
HLA-B18:01	0	21	0	0	0	0	0	0	0	0	0	0	0	0	0	0	0	0	0
HLA-C04:01	0	50	0	0	0	0	0	0	0	0	0	0	0	0	0	0	0	0	0
HLA-C05:01	0	18	0	0	0	37	0	0	0	0	0	0	0	0	0	0	0	0	0
HLA-A01:01	0	0	58	35	0	0	24	67	0	0	0	0	0	0	0	34	0	0	0
HLA-A29:02	0	0	58	0	0	0	0	0	0	24	0	0	0	0	0	0	0	0	0
HLA-B56:01	0	0	15	0	0	0	0	0	0	0	0	0	0	0	0	0	0	0	0
HLA-C01:02	0	0	18	0	0	0	0	0	0	0	0	0	0	0	28	0	0	0	0
HLA-A30:01	0	0	0	21	0	0	0	0	0	0	0	0	0	0	0	0	0	0	0
HLA-B13:02	0	0	0	25	0	0	0	0	0	0	0	0	0	0	0	0	0	0	0
HLA-B07:02	0	0	0	28	0	0	0	0	0	0	29	0	0	0	0	0	0	21	0
HLA-C07:02	0	0	0	27	0	0	0	0	39	0	33	0	0	43	0	0	0	46	0
HLA-A26:01	0	0	0	0	0	41	0	0	0	0	0	0	34	0	0	0	37	0	0
HLA-B38:01	0	0	0	0	0	40	0	0	0	0	0	0	0	0	0	0	0	0	0
HLA-B44:02	0	0	0	0	0	18	0	0	0	0	0	0	0	0	0	0	0	0	0
HLA-C12:03	0	0	0	0	0	32	0	0	0	0	0	0	0	0	0	0	0	0	0
HLA-B40:01	0	0	0	0	0	0	40	0	0	0	0	0	0	0	0	35	0	0	0
HLA-B14:02	0	0	0	0	0	0	36	5	0	0	0	0	0	0	0	0	0	0	0
HLA-C03:04	0	0	0	0	0	0	38	0	50	0	0	0	0	0	0	34	0	0	0
HLA-C08:02	0	0	0	0	0	0	42	0	0	0	0	0	0	0	0	0	0	0	0
HLA-A11:01	0	0	0	0	0	0	0	39	17	0	0	0	0	0	0	0	0	0	0
HLA-B15:01	0	0	0	0	0	0	0	39	0	0	0	51	0	0	0	0	0	27	0
HLA-C03:03	0	0	0	0	0	0	0	14	0	0	0	39	0	0	0	0	0	22	48
HLA-B13:01	0	0	0	0	0	0	0	0	39	0	0	0	0	0	0	0	0	0	0
HLA-A03:01	0	0	0	0	0	0	0	0	0	48	42	0	0	0	28	0	0	37	0
HLA-B44:03	0	0	0	0	0	0	0	0	0	31	0	0	0	0	29	0	0	0	0
HLA-C16:01	0	0	0	0	0	0	0	0	0	17	0	0	0	0	0	0	0	0	0
HLA-B44:05	0	0	0	0	0	0	0	0	0	0	0	0	40	0	0	0	33	0	0
HLA-B27:05	0	0	0	0	0	0	0	0	0	0	0	0	16	0	0	0	20	0	0
HLA-C02:02	0	0	0	0	0	0	0	0	0	0	0	0	30	0	28	0	35	0	52
HLA-A30:02	0	0	0	0	0	0	0	0	0	0	0	0	0	22	0	0	0	0	0
HLA-B39:05	0	0	0	0	0	0	0	0	0	0	0	0	0	42	0	0	0	0	0
HLA-B57:03	0	0	0	0	0	0	0	0	0	0	0	0	0	25	0	0	0	0	0
HLA-C18:01	0	0	0	0	0	0	0	0	0	0	0	0	0	51	0	0	0	0	0
HLA-B51:01	0	0	0	0	0	0	0	0	0	0	0	0	0	0	18	0	0	0	0
HLA-B27:02	0	0	0	0	0	0	0	0	0	0	0	0	0	0	0	0	0	0	15
HLA-B55:01	0	0	0	0	0	0	0	0	0	0	0	0	0	0	0	0	0	0	17
